
62295900201
62454235211
60835233893
62092476518
62036902023
60568895633
62035853478
62329454787
62398660812
62316871887
62194188529
62454235373
60325626116
62285414660
62374543614
60697870623
62105059610
62441652514
62194188607
62387126582
62419632442
62463672660
62441652588
62011736443
62318969212
60799582618
62205723042
62003347897
62027465133
62430118366
62183703019
62330503657
62387126774
62466818553
62377689605
62464721409
62366155278
62094574116
62318969371
62275977805
62309532245
60707308152
62151197316
62410195595
62275977924
62410195659
62421729996
62013833935
60744008450
62375592708
60771271477
62411244353
62085137258
62141760368
60754494323
60800631668
62229840785
60691579805
62120788887
60815311787
62243472301
62243472320
60800631750
62423827399
60713599965
62343087075
60243837926
62343087094
62366155758
62355670027
62065214491
62388175931
60583576638
62200480860
62355670116
62200480891
60811117706
60457747635
60835234994
62412293291
60841526472
62186849465
60777563371
62175315176
